95
2965 769993 4
2228 961000 6
3491 376189 1
9325 343906 8
0 1000000000000000000 1
3901 458931 4
5272 393026 2
1329 665400 3
7243 39232 6
8764 690922 4
2590 45700 5
2739 884729 5
9929 160753 4
1616 875376 6
1363 123520 8
3459 893118 8
873 84000 1
0 1000000000000000000 1000000000
39 1000000 3
2035 587687 6
4131 988357 1
646 753992 3
8989 909410 5
9597 30751 2
4945 279540 7
6760 325542 7
4401 792858 5
0 132 1
100000 1000000000000000000 3
5992 237133 9
9385 146808 1
999 99999 78788
4827 379304 8
5759 165757 6
4370 274443 1
9628 221919 9
5230 55195 9
10 22322 2
8135 346033 4
6673 645665 9
1000000000 1000000000000000000 1
3748 207521 4
6311 744038 5
3825 934105 6
2519 171840 3
21345 4441283 13
1209 371972 7
7558 716225 8
3127 909969 3
5630 555906 6
1813 539974 3
2871 611476 1
378 659223 5
9324 755359 1
1396 974496 5
2791 674701 5
6153 882984 8
121 132 1
490 499674 1
8483 164651 3
8892 186601 5
3376 156586 6
9352 507517 9
332 539995 7
1002 914907 8
4766 385349 3
2789 205886 5
7597 115191 5
9523 81976 5
2851 217912 4
121 121 11
7977 626769 9
3976 759716 7
4153 196591 1
8984 321196 7
7998 968182 1
121 131 1
2428 914457 2
8145 485026 9
6916 519450 6
22322 22322 1
9390 517315 4
34432 9999920 222
0 100 2
886 56750 8
3568 887100 8
8429 327368 2
1551 635917 7
4609 64949 8
2675 641763 3
5303 577653 4
1516 476245 5
2433 588437 7
9151 163110 6
5579 763362 2
