100
8697851
9987391
4170220
9299449
6735763
8603593
9999995
9999161
3132736
2872729
9999991
5001361
9971849
559513
9999971
3
6697461
3191803
6716541
6704676
4046177
5331653
7551991
9999973
3702389
3323191
9999163
983469
6537523
6513281
7742461
6
1281246
7203246
2196613
9999929
6463741
2
10
4
13
1
9999972
9999931
12
9999999
1264969
4572049
2896297
3023326
9999162
9325574
1750607
8291470
3910981
5388168
8763892
1481717
86293
3877633
8237213
4125389
1507483
4461641
7
1221469
10000000
8
2295773
6987083
9682616
9999996
11
2610613
7762723
1144
9999930
3949061
9516811
615403
9010879
9999997
3410821
140839
2360890
8873129
390548
5
9309119
9
1862603
9999998
1403870
4751053
3929879
4461643
3855409
4461642
8248729
8184167
