100 10
327737 217817
206756 -54784
552189 902597
-2602 167834
12305 232450
902210 405748
-74934 -682660
-211455 -326281
899808 134659
209671 652525
-231126 164408
-101072 493159
-538971 75745
-252302 648207
673356 -656542
-921299 -197022
-734381 518518
421114 802883
-29284 817808
50257 -64063
-140889 983021
-182214 469892
-856390 784177
436262 -876243
-706293 -439156
725252 163358
-343484 62581
-861675 -375821
-210189 634972
-504145 -113977
-793574 -536834
981685 -425444
-105136 -527955
-710148 920224
373587 865580
-633974 857535
844852 -767303
-465701 701238
-657580 -494112
66732 970561
133918 -363873
698708 309409
933588 -692140
942832 -645541
757908 -276602
703990 -561314
530669 964335
-563621 -796901
-359251 -574468
-708888 243658
618618 -985665
-752968 174564
393227 463470
969358 298757
269318 735648
-628226 553515
-137077 -79339
228521 -412092
-57633 313936
-962667 688778
-872536 -299726
-335392 -741252
-20726 658133
-398910 618414
-137929 620023
-848217 409628
-415809 -1886
-20991 -83759
-785003 977419
-769509 -51634
19306 484315
-77598 -397735
190173 882229
196164 -849078
839701 -350035
350240 750923
-472903 -515410
-339852 -467727
-849314 506371
643819 261238
-329134 530183
-471703 795602
-288158 255057
749901 507306
-26902 -73161
-71420 980392
100083 992404
-607942 850982
-480671 -192319
457647 588222
856571 -123545
361045 325312
-624990 -616333
890038 -978808
282431 -474303
-426695 -948719
846883 953297
725779 101602
126334 -441276
-997012 993106
