100
451 5
2 50
115 64
424 35
285 29
744 91
555 27
2 5
977 44
2 99
755 11
551 71
13 37
95 37
103 5
772 5
5 75
2 2
440 28
958 86
1000 2
1000 3
254 30
885 57
279 28
871 75
758 85
289 65
950 95
169 3
484 74
2 96
908 56
978 10
1000 97
277 79
120 75
492 78
875 93
2 4
635 54
398 61
1000 5
270 26
924 39
642 34
363 69
582 60
443 91
2 98
1000 4
497 91
838 46
177 61
295 30
965 51
289 48
500 44
748 77
40 62
109 76
1000 99
865 23
911 80
2 97
413 35
2 1
921 39
355 11
81 39
2 3
452 71
1000 98
918 38
1000 95
494 92
312 23
793 69
226 22
3 10
1000 1
728 33
824 54
906 56
865 5
712 1
387 98
537 11
1000 96
808 71
2 95
397 40
915 30
125 51
744 3
853 50
823 3
522 40
30 46
132 90
