int decode[243] = {
	3,7,8,2,1,1,1,7,7,4,4,2,2,2,3,3,3,8,2,8,1,8,4,7,7,1,5,
	2,8,7,6,1,8,7,3,5,1,1,4,6,6,0,4,6,2,6,5,5,6,7,3,5,8,6,
	4,5,3,0,1,4,6,3,5,8,4,3,6,7,3,8,0,3,1,2,8,7,6,4,3,6,3,
	3,2,3,3,6,4,6,5,1,0,8,8,2,3,8,8,2,7,8,7,7,6,5,1,4,0,4,
	2,1,0,7,3,2,1,2,6,5,2,1,6,6,5,3,0,5,6,1,4,0,8,3,1,6,7,
	4,0,5,4,2,7,5,8,0,5,4,6,2,3,6,7,2,0,1,5,8,0,3,0,8,7,1,
	6,0,6,1,8,6,0,8,2,0,8,7,4,4,5,2,2,5,4,5,5,0,2,0,3,7,0,
	8,5,4,8,8,5,5,0,4,7,7,2,0,2,1,4,3,0,0,3,0,6,4,0,3,0,2,
	7,1,5,2,5,3,1,4,2,0,6,3,0,3,7,4,5,6,3,4,2,6,8,6,1,4,7
};

int encode[243][9] = {
	{152,161,215,131,241,122,233,242,238},{152,161,215,131,231,122,233,242,159},{214,240,151,205,241,232,133,160,238},{152,161,215,227,128,232,233,242,155},{152,161,215,227,128,144,233,242,155},{214,127,151,205,241,232,133,160,159},{158,203,236,131,128,122,239,230,155},{158,203,236,131,128,122,239,230,155},{156,127,202,157,235,154,121,199,238},
	{143,161,215,131,197,194,116,242,142},{143,161,215,131,197,194,116,242,159},{214,240,115,157,241,220,133,160,142},{143,161,215,208,197,218,116,242,155},{143,161,215,213,197,218,116,242,155},{214,127,115,208,241,154,133,160,142},{158,127,113,131,128,194,239,140,155},{158,153,113,131,128,194,239,140,155},{136,127,139,157,235,220,237,111,238},
	{152,203,224,221,197,122,233,230,142},{152,203,224,221,197,122,233,230,192},{124,222,151,205,223,232,121,150,142},{152,119,224,227,197,218,233,199,142},{152,119,224,227,197,218,233,150,189},{124,217,151,205,223,232,226,199,142},{110,203,113,221,191,122,149,230,193},{110,203,113,221,191,122,149,230,192},{136,217,202,229,145,220,121,199,193},
	{188,161,151,157,107,179,233,242,95},{188,161,177,186,107,179,233,242,95},{106,240,151,157,241,232,237,160,238},{188,161,236,227,107,179,233,242,155},{188,161,236,227,107,179,233,242,155},{106,240,151,186,241,232,226,160,91},{158,104,236,227,175,176,239,230,95},{158,104,236,227,174,176,239,230,95},{156,153,184,157,175,103,226,100,238},
	{188,161,224,221,107,88,239,242,142},{188,161,224,221,107,141,239,242,159},{106,240,184,157,241,88,85,160,142},{188,161,224,83,107,182,164,242,155},{188,161,224,83,107,182,164,242,155},{106,217,82,186,241,88,87,160,142},{158,104,236,221,86,182,239,140,155},{158,104,236,221,86,182,239,140,155},{136,217,184,157,235,103,85,100,238},
	{152,89,224,221,86,179,233,98,95},{152,89,224,221,86,179,233,98,95},{168,222,151,229,223,232,85,150,142},{152,89,224,227,223,179,233,98,92},{152,89,224,227,231,179,233,98,92},{136,217,151,81,223,232,226,150,142},{136,217,139,221,86,176,149,230,95},{228,165,147,221,86,176,149,230,95},{136,217,139,229,175,220,85,216,166},
	{188,104,215,131,107,179,133,134,95},{188,104,215,131,107,179,102,134,95},{214,132,178,205,175,103,133,187,130},{188,119,215,205,107,179,133,134,92},{188,119,215,213,107,179,126,134,92},{214,127,178,205,105,181,133,187,91},{212,104,200,131,128,122,121,101,95},{212,104,200,131,128,122,102,101,95},{129,127,184,94,175,103,121,100,130},
	{188,89,215,131,107,194,116,134,169},{188,89,215,131,107,194,116,134,192},{214,132,115,112,105,88,133,187,169},{188,89,215,83,107,182,116,134,169},{188,89,215,83,107,182,116,134,99},{214,127,115,208,105,88,133,187,169},{212,104,113,131,86,194,167,101,130},{212,104,113,131,86,194,167,101,192},{163,127,184,112,180,103,85,100,130},
	{206,89,170,205,197,179,116,98,95},{206,89,170,84,197,179,116,98,95},{124,114,178,205,175,88,121,111,169},{206,89,170,83,197,179,116,98,92},{206,89,170,83,197,179,116,98,92},{124,109,178,205,204,88,87,199,169},{110,203,113,83,86,122,167,199,95},{110,203,113,83,86,122,167,111,95},{163,109,202,94,175,190,121,199,193},
	{206,203,215,80,77,232,53,242,52},{206,203,215,80,77,51,53,242,69},{214,240,202,205,241,232,79,49,52},{206,37,215,80,38,47,53,242,74},{206,240,215,80,38,47,53,242,74},{214,37,73,205,241,232,79,199,52},{212,203,236,50,77,47,239,230,74},{212,203,236,50,77,47,239,230,74},{228,37,202,229,235,46,76,49,238},
	{212,58,215,80,197,62,53,242,32},{212,240,215,80,197,62,53,242,32},{214,58,219,61,241,220,79,49,52},{209,217,215,80,197,62,53,242,74},{209,240,215,80,197,62,53,242,74},{214,217,73,61,241,46,79,33,52},{212,58,236,50,77,194,239,29,32},{212,72,236,50,77,194,239,29,32},{57,58,73,208,235,220,76,49,238},
	{206,203,44,71,197,62,233,230,32},{206,203,44,71,197,62,233,230,32},{70,58,202,205,223,232,43,67,193},{206,37,44,71,197,62,233,29,28},{206,222,44,71,197,62,233,29,69},{70,37,27,205,223,232,43,199,28},{41,203,200,68,59,194,40,230,32},{41,203,200,68,59,194,66,230,32},{228,58,202,229,64,220,40,67,193},
	{188,25,178,80,77,26,233,242,17},{188,240,177,80,77,26,233,242,17},{70,25,178,16,241,232,79,187,238},{188,20,236,80,241,26,233,242,17},{188,20,236,80,231,26,233,242,17},{70,25,178,16,241,232,79,187,19},{185,20,236,68,77,176,239,23,74},{185,20,236,68,77,176,239,23,74},{183,72,184,229,22,181,76,67,238},
	{188,5,224,80,77,26,239,242,169},{188,5,224,80,77,26,239,242,21},{168,25,184,61,241,220,79,187,169},{188,20,224,80,241,26,164,242,74},{188,20,224,80,180,26,164,242,74},{163,25,73,61,241,181,79,187,169},{185,5,236,221,77,182,239,23,74},{185,5,236,221,77,182,239,23,74},{163,58,184,234,22,220,76,1,238},
	{70,5,224,71,59,179,233,8,17},{168,5,224,71,59,179,233,8,17},{70,58,178,16,223,232,60,7,169},{70,217,224,71,223,179,233,8,17},{168,222,224,71,231,179,233,8,17},{70,217,178,16,223,232,226,7,169},{163,5,11,68,59,176,167,230,2},{228,5,11,68,59,176,167,230,2},{163,58,13,229,175,220,226,67,166},
	{188,203,215,50,22,26,53,23,17},{188,203,215,50,204,26,53,23,17},{214,25,178,205,22,51,43,187,52},{188,20,215,205,38,26,53,187,17},{188,20,215,213,38,26,53,24,17},{214,25,178,205,10,46,43,187,52},{212,203,200,50,38,176,40,23,19},{212,203,200,50,38,176,48,23,21},{183,37,184,208,22,46,40,49,19},
	{188,5,215,50,197,26,53,8,32},{188,5,215,50,197,26,53,8,32},{214,25,184,34,22,51,48,187,52},{188,20,215,34,197,26,53,8,2},{188,20,215,213,197,26,53,8,2},{214,25,18,34,180,46,45,187,52},{212,5,184,50,191,194,167,23,32},{212,5,3,50,191,194,167,23,32},{163,31,184,208,22,46,48,49,193},
	{206,203,44,14,197,179,167,8,17},{206,203,44,14,197,179,167,8,17},{196,31,178,205,175,195,43,7,169},{206,37,44,205,197,179,164,8,17},{206,6,44,15,197,179,164,8,17},{196,37,178,205,10,190,43,7,169},{41,203,200,14,38,176,167,29,32},{41,203,200,14,38,176,167,29,32},{163,31,202,0,175,190,40,199,193},
	{152,161,44,80,77,122,53,134,52},{152,161,44,80,77,122,53,134,159},{70,132,151,157,42,51,79,160,52},{152,161,44,80,128,47,53,134,155},{152,161,44,80,128,47,53,134,155},{70,127,151,78,145,154,79,160,52},{158,119,73,131,77,122,149,49,155},{158,119,147,131,77,122,149,75,155},{156,127,73,157,145,154,76,49,130},
	{143,161,113,80,77,62,53,134,32},{143,161,113,80,77,62,53,134,32},{156,58,115,61,138,51,79,160,52},{143,161,115,80,128,62,53,134,155},{143,161,108,80,128,62,53,134,155},{136,127,115,61,135,154,79,160,52},{158,58,113,131,77,47,76,140,32},{158,153,113,131,77,47,48,140,32},{136,58,139,157,138,154,76,49,130},
	{152,58,44,71,59,62,116,140,32},{152,114,44,71,59,62,116,140,32},{70,58,151,61,42,141,43,67,142},{152,119,44,71,38,62,116,29,142},{152,119,44,71,38,62,116,29,69},{70,37,151,61,145,55,43,150,142},{41,119,113,68,59,122,149,140,32},{41,119,113,68,59,122,149,140,32},{136,58,139,148,145,55,121,67,28},
	{152,161,151,80,107,26,149,98,17},{152,161,147,80,107,26,149,98,17},{106,25,151,16,22,103,79,160,159},{152,161,11,80,107,26,146,98,17},{152,161,11,80,107,26,146,98,17},{106,25,151,16,145,154,79,160,19},{158,104,11,68,77,103,149,23,95},{158,104,11,68,77,144,149,23,95},{156,153,13,157,22,103,76,67,19},
	{143,161,139,80,107,26,79,8,142},{143,161,3,80,107,26,60,8,159},{106,25,139,61,22,88,79,160,142},{143,161,73,80,107,26,79,8,155},{143,161,18,80,107,26,60,8,155},{106,25,73,61,105,88,79,160,142},{158,104,139,56,77,137,76,23,155},{158,104,3,56,77,137,102,23,155},{136,58,139,157,22,103,76,100,19},
	{152,89,151,71,59,62,149,98,17},{152,89,147,71,59,62,149,98,17},{70,58,151,16,138,88,85,7,142},{152,89,11,71,145,62,146,98,17},{152,89,11,71,9,62,146,98,17},{70,6,151,16,145,88,60,7,142},{136,5,11,68,59,137,149,140,95},{57,5,11,68,59,137,149,140,95},{136,58,13,148,145,55,85,67,91},
	{41,104,44,131,107,26,53,134,17},{41,104,44,131,107,26,53,134,17},{106,25,97,16,22,103,133,49,52},{106,20,44,16,107,26,53,134,17},{90,20,44,15,107,26,53,134,17},{106,25,97,16,10,46,133,100,52},{41,104,11,131,128,122,121,23,95},{41,104,11,131,128,122,48,23,95},{129,127,13,94,22,103,121,49,130},
	{106,89,113,131,107,26,53,134,32},{129,89,113,131,107,26,53,134,32},{106,25,115,34,22,88,133,7,52},{110,89,115,83,107,26,53,134,2},{110,89,18,83,107,26,53,134,2},{106,25,115,34,105,88,133,7,52},{110,104,113,131,86,47,85,23,32},{110,104,113,131,86,47,48,23,32},{129,31,82,112,22,103,85,49,130},
	{41,89,44,14,86,35,116,98,17},{41,89,44,14,86,35,116,98,17},{124,31,97,16,42,88,43,7,96},{110,89,44,83,38,35,116,98,17},{110,89,44,83,38,35,116,98,17},{124,37,97,16,10,88,43,7,91},{41,5,113,14,86,122,121,29,95},{41,5,113,14,86,122,120,29,95},{90,31,13,94,10,117,121,1,91}
};
