97 63
17888788 608002691
16142900 885752870
1364666 365868015
4878248 624150124
18576418 704242346
17020617 375882628
21749764 987510302
23736619 444353886
19722113 954714013
9275566 579405076
31641382 557924314
28779133 996785377
24059182 892591765
26116965 249236656
15958669 36018002
12783153 406621470
292226 785755004
5110499 92437327
21362002 724827057
3369403 278271433
18459473 459062172
16437127 85922305
30078422 784085858
23147199 297620081
13811402 247423806
29194235 757322764
14169851 806786779
4472120 256243181
5340031 505672535
25472029 919117659
5264472 600785130
6097189 791718630
4024576 178156403
13551548 27818805
12412698 386003985
6355407 315217329
1626392 13370259
28150633 24732806
5639268 59934243
9116947 394342996
18127016 495019885
8638954 878081460
3119783 880292068
15281874 847545113
11703504 25061809
24478662 849571423
22943849 325084773
8812078 659055919
14915701 34025889
13783948 544275385
22120685 420759630
7213554 623423405
18937145 854012425
17203106 885215492
12396462 162245491
14614088 371217287
30535912 330558619
28657500 903865288
21668939 635462710
20199303 976827392
790952 326673850
1822937 232974408
10242872 34608728
4554821 615284761
5244596 63311338
4408760 165669267
11827192 800607027
14003413 503700676
21125427 765408176
7368336 186226094
21208427 357242106
21588922 614214115
3044188 34625537
1934389 181110187
3615097 940196746
8800685 586886098
5522104 721091255
24018484 82581612
26552585 264875189
9582712 64066014
29093158 949548151
19563396 920457289
524801 613436306
25385701 487967706
4003785 979614904
14106646 863862685
14245971 185986000
13779476 629756920
1623779 440657293
8892041 82427378
11401788 949851385
19065590 31615418
31033839 88573075
17408985 461365632
23515604 482422461
10095531 162355907
25537850 642438894
