100
0 100 2
5992 237133 9
4401 792858 5
7558 716225 8
3976 759716 7
0 1000000000000000000 1000000000
2590 45700 5
6673 645665 9
1551 635917 7
9352 507517 9
1000000000 1000000000000000000 1
8429 327368 2
4609 64949 8
7243 39232 6
8483 164651 3
5759 165757 6
1329 665400 3
1396 974496 5
378 659223 5
9523 81976 5
646 753992 3
1209 371972 7
3901 458931 4
2965 769993 4
9628 221919 9
6916 519450 6
121 131 1
999 99999 78788
9325 343906 8
6153 882984 8
5272 393026 2
3491 376189 1
4370 274443 1
2791 674701 5
21345 4441283 13
2851 217912 4
5303 577653 4
1616 875376 6
701 837097 8
886 56750 8
8984 321196 7
8145 485026 9
39 1000000 3
4945 279540 7
1363 123520 8
100000 1000000000000000000 3
332 539995 7
2433 588437 7
1516 476245 5
3568 887100 8
0 1000000000000000000 1
2789 205886 5
9390 517315 4
9481 668314 4
7977 626769 9
4766 385349 3
5579 763362 2
3825 934105 6
2871 611476 1
8892 186601 5
3748 207521 4
2675 641763 3
121 132 1
1108 708286 6
6760 325542 7
1813 539974 3
9324 755359 1
5630 555906 6
4827 379304 8
9929 160753 4
490 499674 1
8135 346033 4
1002 914907 8
6311 744038 5
4131 988357 1
121 121 11
2035 587687 6
8764 690922 4
9385 146808 1
2499 989424 7
3459 893118 8
22322 22322 1
3127 909969 3
2739 884729 5
8989 909410 5
10 22322 2
9597 30751 2
34432 9999920 222
0 132 1
3376 156586 6
9151 163110 6
4153 196591 1
873 84000 1
5230 55195 9
9705 834597 8
2428 914457 2
2519 171840 3
7597 115191 5
7998 968182 1
2228 961000 6
